x: 4.284992694854736
y: 5.270511627197266
theta: -2.0063705444335938
linear_velocity: 0.0
angular_velocity: 0.0
