x: 3.9764881134033203
y: 6.1295247077941895
theta: -0.2671853005886078
linear_velocity: 0.0
angular_velocity: 0.0
